 1937981 
 1620153 
 999043 
 1199778 
 1589868 
 1219946 
 1042757 
 1772682 
 1317763 
 1750292 
 1001040 
 1323977 
 1206578 
 1311821 
 1312547 
 624449 
 1252258 
 556477 
 673088 
 710558 
 781582 
 1856223 
 627268 
 636521 
 740832 
 747824 
 567474 
 719737 
 784212 
 643026 
 4015367 
 764500 
 946943 
 1034081 
 909242 
 997500 
 655192 
 1313125 
 681057 
 885227 
 1129353 
 844478 
 1689043 
 1442030 
 819664 
 1145382 
 1252751 
 861082 
 762414 
 1397513 
 824224 
 1185426 
 763584 
 1192954 
 971686 
 822650 
 1375493 
 1480071 
 684436 
 742612 
 695172 
 681083 
 719943 
 950844 
 945497 
 737285 
 697056 
 754479 
 598401 
 740491 
 774260 
 647096 
 741981 
 699771 
 716726 
 918309 
 1306120 
 745727 
 2674603 
 943162 
 953425 
 1582149 
 1056111 
 960557 
 1377216 
 835145 
 1600568 
 642394 
 686642 
 765943 
 935395 
 761656 
 682607 
 761783 
 809653 
 677029 
 740281 
 1570700 
 708906 
 1342473 
 906693 
 643912 
 1585646 
 613591 
 711000 
 773549 
 1437224 
 650600 
 748821 
 1041212 
 677688 
 5367239 
 649731 
 902240 
 864948 
 832632 
 1119088 
 1250602 
 599766 
 1990397 
 884659 
 622864 
 1185473 
 1651727 
 1147278 
 945726 
 1036378 
 798626 
 1121117 
 1314171 
 773366 
 1151972 
 771449 
 750730 
 590299 
 696945 
 920078 
 759653 
 943113 
 635868 
 643417 
 749413 
 1379386 
 568105 
 604417 
 791112 
 785006 
 618773 
 784346 
 676700 
 718881 
 880934 
 983859 
 898291 
 1080221 
 1070680 
 1776399 
 642249 
 760004 
 805543 
 673102 
 1071179 
 1341635 
 742148 
 546110 
 761604 
 754748 
 664478 
 1245349 
 711051 
 981667 
 635659 
 739072 
 678145 
 1063694 
 706227 
 808271 
 802289 
 607224 
 510647 
 1233222 
 1027288 
 940278 
 1396843 
 881549 
 642615 
 1485058 
 1013149 
 921968 
 655598 
 711133 
 595230 
 760008 
 1186485 
 600820 
 1311526 
 970045 
 903948 
 1215016 
 770489 
 2695222 
 633731 
 724120 
 1031125 
 738788 
 712889 
 1311615 
 1258491 
 1941259 
 691218 
 996198 
 886658 
 761170 
 1237899 
 934258 
 1389236 
 765587 
 1518341 
 642716 
 635914 
 733238 
 1310662 
 1434480 
 1106111 
 3167334 
 1277616 
 1298718 
 1673265 
 694297 
 1296232 
 2564514 
 2669770 
 1150893 
 948071 
 975194 
 1749127 
 963555 
 707124 
 1263909 
 896313 
 946840 
 1031315 
 714474 
 1377282 
 677629 
 1144761 
 1923619 
 748366 
 1154541 
 1047955 
 645762 
 1321960 
 1004484 
 732788 
 1048906 
 993628 
 976988 
 814552 
 1034037 
 885640 
 2668385 
 2183726 
 2228939 
 929996 
 1550378 
 749061 
 1593664 
 1058475 
 764861 
 767649 
 724481 
 1530392 
 1897557 
 1082994 
 1550780 
 617476 
 937770 
 1048013 
 1754491 
 687599 
 1249292 
 765477 
 1068658 
 828436 
 680977 
 771415 
 729179 
 585872 
 627900 
 2051341 
 643379 
 1034896 
 651473 
 734290 
 668577 
 1047407 
 619110 
 639810 
 626470 
 1086946 
 1037843 
 1315507 
 1332145 
 1290307 
 733642 
 969886 
 595984 
 766657 
 709967 
 657344 
 1858987 
 1054623 
 1931902 
 622930 
 1875923 
 750194 
 1593305 
 939055 
 1890373 
 595538 
 1452692 
 701549 
 836492 
 1240714 
 660028 
 1249962 
 887653 
 728958 
 944768 
 728215 
 740676 
 843563 
 710559 
 767808 
 705027 
 780967 
 632989 
 646463 
 872716 
 935653 
 1067878 
 892698 
 1001541 
 1062638 
 757640 
 1062229 
 1038287 
 948024 
 1160493 
 769373 
 1635349 
 672152 
 908922 
 566567 
 762698 
 1554151 
 655524 
 646432 
 765892 
 674085 
 699077 
 753431 
 1143186 
 808075 
 1188816 
 956340 
 2445398 
 1186962 
 726521 
 549835 
 759913 
 765491 
 1638106 
 1000195 
 592835 
 653109 
 1348701 
 676609 
 713212 
 620790 
 753882 
 758893 
 1293899 
 945081 
 1238507 
 1423942 
 564504 
 3848087 
 789240 
 2019956 
 2296254 
 952685 
 1299099 
 1660323 
 2650218 
 2196596 
 2824031 
 2541264 
 1032086 
 2493570 
 724013 
 1073079 
 699170 
 747068 
 638966 
 2570369 
 753207 
 1116804 
 708025 
 818277 
 643553 
 1470695 
 997156 
 708817 
 1268645 
 669274 
 748219 
 1639105 
 672862 
 980706 
 743050 
 1259438 
 628582 
 612149 
 637714 
 713940 
 2563359 
 1527837 
 1576110 
 2062801 
 1488154 
 664434 
 1641951 
 749740 
 1258974 
 631410 
 1376545 
 1332710 
 1182518 
 1610620 
 636524 
 1769044 
 692544 
 926776 
 809879 
 1932323 
 992514 
 1510388 
 636447 
 1362985 
 810661 
 991363 
 860821 
 714153 
 653554 
 1701353 
 631881 
 1372794 
 631209 
 718358 
 669890 
 1770941 
 898485 
 911833 
 753274 
 706312 
 761067 
 776416 
 744510 
 638771 
 770742 
 893616 
 1200528 
 585731 
 752138 
 715224 
 2541832 
 638043 
 1934612 
 758394 
 2025583 
 651032 
 2284737 
 1276890 
 1940976 
 909759 
 1385499 
 1305322 
 1916223 
 724629 
 1611701 
 1012793 
 1029207 
 644105 
 2022766 
 739480 
 1398451 
 637655 
 1048713 
 688163 
 1815769 
 746508 
 1748344 
 831303 
 879990 
 749267 
 1989462 
 1207917 
 2620375 
 525904 
 804645 
 581273 
 1055307 
 2520761 
 885812 
 885632 
 1451690 
 698544 
 1953156 
 778474 
 999928 
 654320 
 1024394 
 1235570 
 971863 
 909502 
 898189 
 3252204 
 1255429 
 2495462 
 967586 
 2043106 
 1198963 
 1800908 
 667795 
 673355 
 829886 
 772738 
 594564 
 1456917 
 2685513 
 797297 
 1142606 
 748784 
 821790 
 639305 
 2171200 
 758379 
 1066101 
 1163361 
 1078400 
 1204670 
 632783 
 1588039 
 797721 
 1129218 
 695150 
 1835585 
 632889 
 816580 
 739550 
 752471 
 1599138 
 540728 
 761188 
 1083092 
 794202 
 589170 
 765707 
 1918490 
 822970 
 797113 
 1082622 
 683888 
 571956 
 692998 
 733868 
 3541279 
 963028 
 2668702 
 924564 
 1069623 
 660825 
 4755148 
 1273243 
 1801442 
 1351238 
 1202402 
 752429 
 3131731 
 695539 
 1021578 
 1155056 
 680908 
 668722 
 1724810 
 557639 
 958532 
 1024405 
 755185 
 786304 
 2825115 
 1029554 
 1281705 
 742519 
 841184 
 767759 
 2766442 
 830792 
 1096416 
 2425678 
 945876 
 1034848 
 2020365 
 729297 
 1350111 
 1055561 
 564975 
 668166 
 2016730 
 694223 
 1084132 
 755860 
 672764 
 648661 
 761314 
 918033 
 795018 
 679450 
 676812 
 948409 
 450254 
 756175 
 854152 
 593700 
 725960 
 1323317 
 571842 
 822957 
 816720 
 987367 
 850179 
 784133 
 1029159 
 1669513 
 1341219 
 732503 
 1533354 
 926681 
 667433 
 1079510 
 779877 
 775804 
 1526550 
 971045 
 1205758 
 682869 
 1505587 
 630442 
 1311598 
 1291767 
 958633 
 8061605 
 471336 
 709591 
 2604710 
 719389 
 800039 
 1870642 
 840106 
 1146695 
 910234 
 1163590 
 623929 
 665023 
 777861 
 566603 
 771667 
 797675 
 596419 
 572138 
 899968 
 685198 
 827613 
 816668 
 920643 
 646516 
 1706506 
 580885 
 835009 
 1045880 
 803981 
 1782585 
 674576 
 775352 
 974905 
 1077003 
 616347 
 1345878 
 593519 
 996243 
 957053 
 1315207 
 689845 
 1609499 
 1211499 
 1052524 
 1321451 
 1989090 
 620404 
 1983816 
 675836 
 869863 
 1091735 
 1314543 
 687910 
 1202158 
 654503 
 1140528 
 655307 
 1317884 
 681000 
 1047632 
 687019 
 636944 
 641734 
 1073677 
 647842 
 1295330 
 696642 
 650376 
 1042275 
 2242879 
 748144 
 1307919 
 682296 
 1524562 
 1404598 
 1379196 
 930041 
 913650 
 525087 
 692768 
 1196423 
 2198897 
 708440 
 1828768 
 628243 
 673363 
 718312 
