 454256 
 1009617 
 415694 
 400230 
 398606 
 412434 
 710307 
 331644 
 471403 
 403815 
 398707 
 312751 
 408871 
 392959 
 404251 
 427736 
 1041820 
 410000 
 419710 
 314272 
 416525 
 996479 
 221450 
 316263 
 322763 
 375557 
 227588 
 375096 
 217967 
 321517 
 943830 
 416643 
 682765 
 392942 
 411806 
 388934 
 591615 
 913016 
 397754 
 411766 
 314583 
 416062 
 597711 
 429015 
 421691 
 397993 
 420936 
 309067 
 222951 
 331936 
 315390 
 1085769 
 418914 
 457747 
 487311 
 690301 
 391542 
 835928 
 415488 
 415432 
 409203 
 424255 
 353368 
 420431 
 631327 
 415645 
 427495 
 378865 
 411998 
 494758 
 315001 
 313201 
 320995 
 384743 
 218334 
 418529 
 378766 
 324309 
 916487 
 419143 
 419919 
 402181 
 409682 
 399859 
 1252436 
 214425 
 400676 
 463204 
 310340 
 217983 
 312004 
 415780 
 366834 
 410452 
 371751 
 402804 
 515748 
 1058623 
 313164 
 424316 
 306584 
 409043 
 1190691 
 549012 
 819247 
 421157 
 432881 
 223818 
 439420 
 229845 
 323997 
 952296 
 403357 
 647634 
 588770 
 666110 
 404912 
 875229 
 394392 
 313833 
 327268 
 319955 
 316927 
 927162 
 350303 
 824672 
 321837 
 777866 
 337051 
 397415 
 392657 
 364718 
 394959 
 412228 
 227250 
 462536 
 454287 
 421669 
 418852 
 302146 
 420848 
 447906 
 312432 
 308176 
 331638 
 425345 
 212456 
 327877 
 214018 
 326346 
 410207 
 382562 
 438411 
 376176 
 412841 
 359026 
 393286 
 289116 
 307713 
 216012 
 330494 
 216447 
 483263 
 420698 
 411945 
 416828 
 418118 
 368920 
 592127 
 208037 
 401764 
 213127 
 312750 
 212940 
 308368 
 330846 
 316282 
 320992 
 324568 
 227556 
 446498 
 708332 
 415237 
 414248 
 335038 
 410226 
 539589 
 328262 
 493258 
 322961 
 382235 
 221807 
 325762 
 238223 
 331940 
 571958 
 669461 
 451085 
 739560 
 455541 
 616453 
 332345 
 404316 
 884129 
 312587 
 269336 
 425409 
 453971 
 810444 
 536519 
 528359 
 568756 
 421758 
 645820 
 446225 
 521010 
 303959 
 396404 
 228450 
 314599 
 489637 
 522550 
 409611 
 484435 
 704494 
 933561 
 619459 
 572547 
 336396 
 371197 
 618031 
 1020865 
 544822 
 314671 
 619255 
 309340 
 455372 
 309980 
 321990 
 310913 
 425274 
 320262 
 308269 
 402130 
 301916 
 428034 
 454775 
 317575 
 419933 
 316101 
 332657 
 438724 
 315802 
 406748 
 462131 
 417761 
 486872 
 325699 
 397060 
 320691 
 518265 
 419988 
 449409 
 329556 
 446758 
 326863 
 503655 
 425762 
 477027 
 515435 
 405668 
 517130 
 651643 
 428757 
 528913 
 419055 
 420664 
 426121 
 1619533 
 323583 
 518966 
 419787 
 322877 
 407813 
 322610 
 547876 
 335159 
 498450 
 327681 
 435418 
 378420 
 777138 
 410150 
 454209 
 415067 
 432319 
 322961 
 425756 
 326118 
 508250 
 482207 
 465904 
 496350 
 414392 
 305954 
 425205 
 385173 
 332957 
 228633 
 325557 
 2615340 
 310243 
 525522 
 304717 
 504788 
 324455 
 535760 
 312851 
 492792 
 397542 
 483287 
 317318 
 426764 
 507604 
 501613 
 414205 
 325629 
 407309 
 419699 
 397202 
 425913 
 462376 
 439388 
 239135 
 325091 
 245935 
 325334 
 608045 
 801974 
 458315 
 346960 
 531736 
 345164 
 515162 
 470690 
 503116 
 458774 
 425992 
 473658 
 437912 
 593863 
 429509 
 426479 
 541639 
 382112 
 520306 
 575726 
 627136 
 345458 
 464962 
 340638 
 417727 
 534165 
 525776 
 440108 
 325725 
 894027 
 606397 
 522068 
 508687 
 423409 
 483577 
 1242045 
 450129 
 665254 
 311004 
 519386 
 236969 
 464769 
 325020 
 327713 
 309859 
 235349 
 316022 
 336335 
 322052 
 318439 
 506234 
 469412 
 630033 
 704821 
 519265 
 433986 
 339881 
 1074515 
 468536 
 1216965 
 461603 
 1133951 
 433377 
 322200 
 508206 
 225084 
 503363 
 326974 
 430130 
 386139 
 417390 
 319253 
 649629 
 304218 
 503084 
 428134 
 397327 
 402954 
 309666 
 484280 
 421062 
 391897 
 395647 
 312376 
 411017 
 222631 
 319004 
 491274 
 315338 
 495760 
 417394 
 418889 
 409144 
 425385 
 424854 
 393226 
 511676 
 493831 
 411632 
 752811 
 416573 
 492240 
 502361 
 394273 
 406723 
 313804 
 390655 
 312285 
 525281 
 317265 
 407018 
 330684 
 345286 
 324523 
 420526 
 498436 
 306621 
 321073 
 411692 
 316914 
 598123 
 320310 
 366531 
 313253 
 502981 
 316304 
 399021 
 306876 
 314670 
 315380 
 324806 
 426147 
 325393 
 411711 
 428617 
 499160 
 324772 
 490091 
 315266 
 324802 
 424947 
 433281 
 317419 
 501016 
 320685 
 330376 
 408018 
 517787 
 323616 
 423539 
 327597 
 503391 
 323379 
 433404 
 406273 
 321135 
 597107 
 425681 
 319140 
 448262 
 481236 
 321823 
 329767 
 426761 
 317831 
 427149 
 325362 
 426825 
 321388 
 529376 
 322380 
 445991 
 327920 
 324136 
 335370 
 495692 
 443357 
 313869 
 412361 
 365611 
 318122 
 421551 
 412521 
 403164 
 564592 
 422201 
 412994 
 323937 
 350943 
 413325 
 520122 
 597537 
 614787 
 418347 
 430262 
 332101 
 584058 
 530678 
 323268 
 582253 
 408773 
 482521 
 504802 
 843443 
 402546 
 703699 
 408332 
 590237 
 320987 
 452515 
 322140 
 419049 
 488600 
 328530 
 486743 
 411652 
 439858 
 422424 
 488450 
 333212 
 415843 
 432398 
 511987 
 422264 
 416254 
 414261 
 315498 
 770002 
 499344 
 530140 
 323245 
 328048 
 233245 
 418964 
 324770 
 427841 
 310241 
 329846 
 320357 
 323326 
 607768 
 521565 
 328989 
 328366 
 1699501 
 339093 
 617729 
 500503 
 511460 
 419600 
 829144 
 325084 
 459659 
 319386 
 414779 
 407570 
 328892 
 311001 
 1129717 
 566241 
 611668 
 403641 
 336892 
 406833 
 506104 
 493000 
 500478 
 497631 
 692051 
 224963 
 344347 
 781014 
 425162 
 630585 
 687378 
 410483 
 430290 
 316992 
 436703 
 332596 
 391418 
 328080 
 413876 
 323406 
 405745 
 328432 
 408575 
 422768 
 509937 
 404866 
 404729 
 421226 
 312251 
 324607 
 328417 
 395769 
 403014 
 327897 
 420173 
 321736 
 318331 
 310484 
 317672 
 509849 
 415255 
 457478 
 415637 
 411006 
 414183 
 480600 
 413698 
 410363 
 325339 
 521798 
 327435 
 480642 
 406337 
 407822 
 354722 
 330726 
 352199 
 321306 
 343847 
 413049 
 402752 
 629970 
 328107 
 330699 
 408908 
 329271 
 452789 
 311722 
 322727 
 385922 
 401650 
 583856 
 317026 
 412327 
 316883 
 313567 
 400181 
 378913 
 315805 
 229667 
 319869 
 329446 
 322516 
 331549 
 504330 
 313529 
 329757 
 306675 
 315423 
 495590 
 411550 
 326979 
 324504 
 413165 
 319297 
 584755 
 412980 
 419700 
 325716 
 416078 
 332418 
 424852 
 335374 
 432624 
 410281 
 369441 
 319536 
 432902 
 323247 
 453979 
 316799 
 313531 
 487928 
 404886 
 410185 
 414603 
 326930 
 418660 
 321311 
 390713 
 319341 
 417504 
 326569 
 323394 
 329743 
 406947 
 346013 
 393741 
 319385 
 399549 
 412144 
 585034 
 304215 
 396310 
 318866 
 347663 
 484182 
 414012 
 317646 
 328155 
 330311 
 398044 
 320065 
 405563 
 329870 
 437257 
 338878 
 355457 
 324414 
