 968046 
 993874 
 991184 
 1017726 
 1283334 
 1001272 
 980365 
 1119193 
 1079487 
 1057604 
 1026934 
 1111465 
 994838 
 1294796 
 1028726 
 953856 
 926517 
 971984 
 923965 
 1002942 
 912373 
 874146 
 1132411 
 1010976 
 970642 
 936641 
 986741 
 952111 
 1025977 
 978961 
 1046273 
 981417 
 963829 
 946409 
 964111 
 960483 
 988200 
 1040114 
 951350 
 1002417 
 1255240 
 922592 
 905259 
 1150496 
 991142 
 1050616 
 1035806 
 1113560 
 1048209 
 1319388 
 1028175 
 1008848 
 1064600 
 980565 
 1239441 
 1003392 
 1320501 
 1478364 
 964136 
 1097786 
 985881 
 941429 
 1000263 
 933794 
 987456 
 1017849 
 894881 
 1014909 
 898142 
 852800 
 1210988 
 1073247 
 986846 
 891948 
 922228 
 914503 
 964397 
 929083 
 995760 
 905241 
 931399 
 884704 
 911038 
 897759 
 2142562 
 960404 
 1708786 
 1094005 
 1051986 
 1084669 
 1306666 
 926392 
 973054 
 905050 
 924733 
 921375 
 920044 
 908591 
 921293 
 914872 
 918618 
 911391 
 873542 
 1062596 
 942736 
 903486 
 925801 
 970113 
 935532 
 1074155 
 960175 
 963924 
 924744 
 898249 
 966770 
 918408 
 1038386 
 1677383 
 1166293 
 1459837 
 1105828 
 1068280 
 1195259 
 1668901 
 1033890 
 1100867 
 1024643 
 986361 
 1087581 
 1634013 
 951020 
 1160568 
 983375 
 993100 
 1036330 
 976490 
 1100553 
 1191524 
 956114 
 1074460 
 1014922 
 961387 
 1452832 
 1125085 
 1078935 
 947126 
 942890 
 912108 
 1009791 
 930162 
 1050652 
 988663 
 994375 
 989276 
 983722 
 914042 
 1842689 
 1021613 
 1325456 
 959302 
 1101753 
 982702 
 1321930 
 1021080 
 1044689 
 942838 
 998388 
 946999 
 2144896 
 1123424 
 1707578 
 1054880 
 1248310 
 1042956 
 1362686 
 1017160 
 1103623 
 1005059 
 1012308 
 950228 
 746182 
 901878 
 754484 
 761656 
 955092 
 732655 
 737970 
 792925 
 820845 
 749021 
 759814 
 834606 
 728366 
 999473 
 752367 
 725391 
 858132 
 764184 
 702112 
 788246 
 847384 
 925572 
 767512 
 859162 
 775704 
 853745 
 969175 
 1003069 
 754895 
 1449595 
 971329 
 953826 
 918414 
 978495 
 829612 
 786971 
 730125 
 749770 
 814841 
 729813 
 878442 
 977785 
 1472121 
 850551 
 822668 
 923876 
 794059 
 1173289 
 913296 
 1274794 
 1002040 
 704980 
 924824 
 1075989 
 884444 
 758161 
 759354 
 863469 
 768260 
 878760 
 990364 
 1192672 
 856217 
 1669478 
 1050946 
 796449 
 895879 
 785743 
 753275 
 850339 
 789331 
 785188 
 1189531 
 925782 
 777434 
 744515 
 740365 
 745329 
 816045 
 770575 
 1127266 
 775968 
 819774 
 688046 
 712370 
 704209 
 932489 
 1052943 
 960353 
 1507755 
 747240 
 865906 
 1857937 
 763300 
 1253186 
 735012 
 735810 
 715621 
 1081016 
 1030233 
 904310 
 1021101 
 928460 
 1371564 
 982444 
 968634 
 902789 
 1021260 
 917277 
 1143197 
 927576 
 1675638 
 828221 
 1235651 
 801083 
 1015446 
 1293379 
 1255810 
 999288 
 913036 
 832400 
 890619 
 843054 
 870975 
 907880 
 896113 
 943676 
 914879 
 938396 
 1059103 
 972934 
 764714 
 742967 
 716420 
 763133 
 741559 
 1158225 
 840800 
 965163 
 815533 
 833191 
 878876 
 767196 
 933808 
 766072 
 756309 
 787751 
 726784 
 794138 
 942348 
 859872 
 737734 
 759242 
 777763 
 747839 
 897948 
 764364 
 1103516 
 747227 
 827545 
 744039 
 733728 
 734338 
 926066 
 928560 
 825758 
 1190221 
 863622 
 1042007 
 977996 
 1298543 
 749529 
 722882 
 832122 
 805098 
 1176027 
 910326 
 903859 
 771627 
 806555 
 876710 
 791444 
 971604 
 1005148 
 1200258 
 941831 
 960193 
 1960065 
 1005825 
 911602 
 1317864 
 917341 
 1055536 
 1101677 
 1109562 
 971205 
 875260 
 934359 
 848675 
 823707 
 805501 
 840733 
 1014046 
 1192810 
 959273 
 1770797 
 1006163 
 1139410 
 860226 
 993885 
 565387 
 830695 
 1132178 
 1274058 
 605019 
 1049481 
 590282 
 1053312 
 1744438 
 1113051 
 813722 
 923603 
 764846 
 815373 
 803939 
 1344297 
 872898 
 1179960 
 880770 
 940322 
 927634 
 815373 
 999892 
 833557 
 768776 
 987001 
 778339 
 795700 
 1175614 
 945323 
 834001 
 765368 
 754942 
 751930 
 835006 
 747920 
 1099100 
 747701 
 864926 
 715406 
 761040 
 709609 
 998308 
 1340046 
 1198469 
 910035 
 2146449 
 772637 
 945592 
 1764764 
 805979 
 1232758 
 774982 
 866979 
 757842 
 1065392 
 1001070 
 888125 
 1384513 
 964064 
 1194158 
 866542 
 859775 
 1012124 
 915224 
 1192483 
 924753 
 2186135 
 799108 
 1004222 
 748849 
 943686 
 1339734 
 1400344 
 1000707 
 915308 
 872652 
 878555 
 853968 
 879494 
 1146880 
 876892 
 880786 
 862710 
 982544 
 901318 
 861437 
 725501 
 697046 
 667344 
 729684 
 711017 
 1087614 
 804491 
 975297 
 786482 
 838967 
 876017 
 1623694 
 988903 
 1470126 
 941726 
 1164582 
 817511 
 1858981 
 1117908 
 1559324 
 1002013 
 1302559 
 908627 
 1104707 
 811612 
 937550 
 794504 
 714441 
 717541 
 1254598 
 860341 
 1083659 
 886089 
 959871 
 1532720 
 802768 
 928021 
 823075 
 714797 
 874993 
 772581 
 793825 
 1063459 
 935819 
 780476 
 728920 
 753700 
 777018 
 778232 
 807570 
 1208566 
 781146 
 813828 
 765050 
 776797 
 755546 
 958042 
 1600196 
 956246 
 1143926 
 1128175 
 851509 
 929841 
 1472077 
 817626 
 1453579 
 800429 
 884225 
 753579 
 1083398 
 973393 
 891189 
 864576 
 851813 
 1036041 
 855617 
 1207051 
 905742 
 1010203 
 881245 
 1095160 
 1001539 
 1378799 
 818527 
 799706 
 994688 
 1125798 
 1145891 
 943258 
 893207 
 833094 
 861421 
 811836 
 813354 
 816119 
 907149 
 1009076 
 901833 
 1037122 
 1088043 
 1012549 
 770105 
 745069 
 696161 
 758175 
 769406 
 1132089 
 823111 
 948877 
 873733 
 850278 
 897286 
 1548575 
 1209170 
 1473647 
 991261 
 1287751 
 836408 
 2094528 
 1171546 
 1769677 
 1062264 
 1368052 
 1130269 
 1311399 
 912227 
 1104968 
 828653 
 969045 
 975770 
 1504379 
 903614 
 1302864 
 908159 
 1079875 
 1066383 
 1348370 
 897910 
 1166202 
 1042755 
 868160 
 766796 
 1829402 
 1021733 
 1429451 
 915476 
 1089085 
 1002428 
 885918 
 1052683 
 978027 
 831453 
 1143618 
 887306 
 874809 
 1322277 
 1046411 
 1017250 
 774306 
 807470 
 786336 
 959508 
 768757 
 1147382 
 819904 
 905218 
 806635 
 816484 
 736854 
 1154336 
 1210391 
 1547825 
 1003975 
 1307342 
 755877 
 1024871 
 1790878 
 864601 
 1261808 
 828054 
 899453 
 762054 
 1118498 
 1163092 
 1024479 
 2120341 
 1189208 
 1290306 
 1508485 
 930566 
 1021937 
 1313867 
 1065141 
 1337116 
 963496 
 1258187 
 892478 
 1128734 
 741675 
 1071749 
 1434903 
 1525400 
 1184981 
 930866 
 976259 
 928315 
 1223917 
 971128 
 906118 
 953753 
 870246 
 1033892 
 892687 
 865578 
 842742 
 744196 
 790340 
 748981 
 680769 
 1085637 
 882856 
 942972 
 898645 
 870609 
 815632 
 1394968 
 939020 
 1193364 
 934300 
 1119706 
 769027 
 1842127 
 1062427 
 1403816 
 973802 
 1197716 
 841666 
 1000487 
 828589 
 852404 
 797048 
 728471 
 683824 
 1281306 
 886600 
 1058529 
 845910 
 919433 
 939755 
 1815517 
 1220546 
 1571534 
 1119618 
 1420472 
 938444 
 2209122 
 1355266 
 1857907 
 1159205 
 1611959 
 958912 
 1211754 
 823138 
 980300 
 766359 
 883009 
 686537 
 1627093 
 976493 
 1254297 
 890601 
 1103177 
 925405 
