 12103175 
 34962250 
 8351696 
 5645832 
 65926661 
 29080679 
 28213517 
 20069314 
 34128252 
 17304222 
 30166498 
 50453145 
 29647137 
 86193525 
 3539700 
 9152019 
 69426901 
 35055518 
 4895274 
 29934087 
 27689906 
 33563064 
 53923985 
 53926014 
 28934759 
 27162088 
 2068914 
 1377022 
 1665870 
 2212745 
 44206521 
 3640502 
 30784720 
 1652247 
 25940349 
 28413229 
 21183620 
 41351672 
 29666427 
 7417108 
 20475569 
 7052921 
 30626093 
 39795819 
 31817031 
 16667169 
 2427920 
 47019293 
 28406673 
 73862300 
 1196703 
 40154720 
 22928166 
 30251095 
 17069107 
 31956477 
 53573649 
 72338555 
 25751895 
 57356037 
 28522007 
 31049329 
 30985156 
 39891774 
 75231017 
 50361596 
 6812091 
 33138106 
 775287 
 39089759 
 82440680 
 72487593 
 33525085 
 2498596 
 2092304 
 2305765 
 737943 
 2370075 
 10808182 
 2663411 
 18809128 
 2861111 
 7554534 
 1615757 
 62395140 
 54974448 
 92101911 
 1765237 
 76501734 
 3261690 
 71421003 
 6889430 
 29894589 
 5934384 
 31860811 
 1577730 
 5103709 
 56079334 
 16454636 
 2423415 
 32629401 
 29250093 
 24366766 
 33287065 
 40757445 
 28595701 
 1643180 
 26427096 
 2146923 
 2366579 
 2149921 
 45810110 
 2612649 
 6327084 
 28773707 
 8609887 
 4736424 
 96030227 
 1153073 
 84928271 
 30915049 
 57245701 
 2637776 
 76341568 
 1951906 
 61456069 
 5279760 
 7458693 
 29302815 
 48831199 
 32473079 
 77829971 
 25421729 
 42865022 
 6493467 
 29055172 
 81410271 
 10278696 
 1249628 
 45115321 
 1952259 
 31541037 
 90568552 
 69982144 
 4886737 
 1923057 
 2542495 
 779352 
 2143894 
 2141869 
 34717343 
 1247986 
 5081990 
 2218846 
 845143 
 827665 
 88889828 
 28356193 
 75520585 
 2372789 
 6016811 
 2044788 
 66977846 
 1424288 
 19252235 
 1910428 
 28725990 
 2504597 
 95873357 
 15933370 
 12909680 
 26919566 
 79673703 
 1775068 
 81258440 
 2488181 
 39963044 
 2171069 
 3126562 
 1728990 
 1706022 
 9031786 
 28569945 
 1003678 
 33467085 
 2689097 
 11156045 
 35562496 
 29684418 
 28610372 
 1357288 
 28786716 
 1099901 
 43878046 
 698461 
 29737958 
 12179672 
 1635239 
 2801361 
 26631682 
 28709224 
 11609414 
 26301473 
 35238071 
 26769086 
 73160247 
 41247403 
 37269081 
 43518818 
 47023691 
 33354709 
 48250174 
 1576551 
 7076028 
 41734027 
 26294094 
 2909602 
 24361438 
 5759241 
 1876296 
 31945609 
 45286648 
 79183526 
 34819322 
 30397549 
 43998334 
 27972695 
 73927854 
 14386370 
 65543617 
 29748919 
 71184303 
 43789544 
 69268672 
 26199544 
 1014987 
 1082477 
 1270205 
 962132 
 2390826 
 13724511 
 63041813 
 41890970 
 83373587 
 5919313 
 26015659 
 39491751 
 1358121 
 1175914 
 24158817 
 23527351 
 26519389 
 2118576 
 33357673 
 23603382 
 937424 
 905760 
 845250 
 1003748 
 664331 
 23295229 
 5841051 
 30442011 
 1248786 
 5275371 
 972646 
 44000410 
 48861779 
 26580978 
 56167281 
 1441388 
 37325514 
 69261130 
 24906844 
 24618482 
 847768 
 28949276 
 1072418 
 54252507 
 40903190 
 32519741 
 25898008 
 7500385 
 35308367 
 28658822 
 46228617 
 16392402 
 2151898 
 5667897 
 58216300 
 23586281 
 73759146 
 905829 
 69304865 
 961986 
 44941930 
 37144915 
 63992617 
 28459673 
 3445864 
 911998 
 1193652 
 1318234 
 877474 
 2795580 
 3678653 
 1107593 
 1430274 
 1287120 
 22160459 
 40839741 
 994773 
 27713681 
 959538 
 24813087 
 1077599 
 52046851 
 30722374 
 43367664 
 28408882 
 30615695 
 3398439 
 9903226 
 29973617 
 7781066 
 1254225 
 30737921 
 1240964 
 26145299 
 34691655 
 28080205 
 11532099 
 23239296 
 1039215 
 1015517 
 31445369 
 1352102 
 47072842 
 1659121 
 10525026 
 1293674 
 6619271 
 2183197 
 5208523 
 31449517 
 30559025 
 62679993 
 30866175 
 16136983 
 46413448 
 51699248 
 28599251 
 25743496 
 27627418 
 2179546 
 18283980 
 38571126 
 26086264 
 26261568 
 3869921 
 28722324 
 11927076 
 35867623 
 9819737 
 62390925 
 39259767 
 41554402 
 57089277 
 38160360 
 34806727 
 39412204 
 26685803 
 45849392 
 50255020 
 39163552 
 49449809 
 4002724 
 1092164 
 25340524 
 772950 
 1252324 
 2275891 
 41273194 
 51359417 
 40021711 
 66351056 
 46404456 
 48039824 
 31471582 
 26532990 
 32412449 
 30578742 
 40846206 
 54208646 
 56216177 
 27058252 
 66231628 
 26994542 
 73348214 
 51221650 
 3412625 
 41008155 
 805809 
 26564675 
 841586 
 52153890 
 30099042 
 56143024 
 4947790 
 37216459 
 8702420 
 2072463 
 41670064 
 27440389 
 1000420 
 24592315 
 24388510 
 27181651 
 63321432 
 39228820 
 24107699 
 872798 
 629007 
 736949 
 1348478 
 725848 
 33815420 
 3401715 
 31673872 
 1364542 
 3155167 
 941898 
 50899183 
 65484629 
 61828469 
 964133 
 71792760 
 1123921 
 40516511 
 8787143 
 18605640 
 13381849 
 24363019 
 30813495 
 769560 
 59561650 
 45716046 
 40496690 
 50036935 
 42275945 
 48174491 
 1010360 
 9888653 
 36973193 
 15975271 
 69562976 
 32250507 
 78403846 
 24158119 
 58162910 
 713286 
 50022388 
 64920543 
 7594032 
 40180943 
 3036544 
 830762 
 2004373 
 909091 
 1952927 
 2246256 
 28621765 
 1711454 
 3366365 
 939045 
 1189627 
 9958818 
 23625238 
 6751426 
 1066334 
 2889012 
 848060 
 48847268 
 32348800 
 9609380 
 30848542 
 32460276 
 2856459 
 70955802 
 40491417 
 68928555 
 3018408 
 62274591 
 28655002 
 81380753 
 55244185 
 73365689 
 1151705 
 63995858 
 3736672 
 49207410 
 20136472 
 41014932 
 23870385 
 3192068 
 1049705 
 17435027 
 33410706 
 48342307 
 29540315 
 39100630 
 7856957 
 24115959 
 37590240 
 24375603 
 1713394 
 27795563 
 1325655 
 24820828 
 25508053 
 25061003 
 25373056 
 941953 
 1048427 
 1307618 
 697306 
 953264 
 54847189 
 1466621 
 31179118 
 891624 
 1640071 
 989507 
 36042142 
 50591461 
 39022978 
 57380749 
 32177595 
 28329362 
 38673337 
 70995260 
 920335 
 73651514 
 1092952 
 4509129 
 955322 
 50735936 
 37515353 
 6936430 
 29711756 
 29451197 
 31038738 
 29981461 
 16243220 
 41241217 
 33471697 
 9239331 
 50219920 
 26157927 
 62469889 
 11333736 
 1274034 
 43336476 
 2523711 
 48781093 
 30951194 
 2032500 
 1035715 
 23433394 
 658473 
 893274 
 1757124 
 5598299 
 3026028 
 3216727 
 34316755 
 26686452 
 43732410 
 1504365 
 28422707 
 1038840 
 1902163 
 9207713 
 54606241 
 27504490 
 41634077 
 21600914 
 30130820 
 44256980 
 75205238 
 28316495 
 68643365 
 34456109 
 53628521 
 33164952 
 19966300 
 1600082 
 72899088 
 29166210 
 64453996 
 46319786 
 60681277 
 26488812 
 52821939 
 23716303 
 26390996 
 27213832 
 61513591 
 4524036 
 57821539 
 43782345 
 4430217 
 52678853 
 68806929 
 26754161 
 53441319 
 25129160 
 39587870 
 1505739 
 72529549 
 35511972 
 68323964 
 26422339 
 53116040 
 3765134 
 966122 
 44904883 
 26472533 
 1050082 
 28780342 
 973230 
 26387467 
 67019772 
 46403399 
 1556144 
 881394 
 953139 
 670253 
 658414 
 647332 
 57888198 
 888810 
 30806056 
 930609 
 1087220 
 938935 
 12378515 
 54390717 
 66430440 
 25359981 
 83016779 
 675226 
 14710253 
 75090861 
 26794176 
 65395072 
 967957 
 28778930 
 755368 
 64250508 
 19805647 
 12510838 
 74066107 
 45409591 
 50162910 
 66671968 
 693596 
 5519452 
 49509987 
 8612551 
 71821900 
 27195901 
 83986424 
 771257 
 56073024 
 632531 
 48608590 
 65190914 
 74514927 
 7294980 
 25973368 
 23571718 
 2581330 
 24078213 
 1913018 
 27362370 
 924108 
 3427062 
 930129 
 1398485 
 32122507 
 887289 
 1041313 
 779705 
 1249997 
 882772 
 46430421 
 3726764 
 16479646 
 4311514 
 27469600 
 1485178 
 30518962 
 24999806 
 59070563 
 680240 
 4577286 
 966803 
 83068818 
 869337 
 72922920 
 928742 
 55828489 
 900611 
 43243146 
 23703179 
 9069406 
 653791 
 23242262 
 764487 
 18437823 
 6508473 
 48811455 
 2346308 
 16281895 
 3161594 
 36126282 
 51140081 
 80674373 
 6397008 
 68235305 
 1205860 
 18497848 
 56422982 
 87889562 
 26518841 
 17950550 
 1094943 
 58143838 
 907052 
 36838846 
 962738 
 2464286 
 1050812 
 72738748 
 4239822 
 62199191 
 1083865 
 39093183 
 1707891 
